5
7
8
9
10
13
17
25
27
33
36
41
43
48
51
52
54
55
64
67
68
74
77
80
82
105
113
114
120
130
132
133
136
140
144
146
150
154
159
166
168
173
176
182
184
190
193
194
195
199
200
201
215
218
220
235
237
240
253
255
258
268
272
273
281
287
288
296
305
309
315
320
321
329
331
332
333
334
337
340
343
344
345
350
351
352
362
363
371
379
384
386
388
389
404
407
409
412
413
418
425
426
429
431
432
436
439
442
460
468
476
480
483
495
501
520
521
522
523
525
566
587
596
599
610
611
614
616
620
626
627
639
645
646
654
661
664
685
729
745
747
758
759
760
769
776
778
781
810
811
813
817
820
822
823
837
842
847
848
871
876
884
894
900
907
909
912
915
926
953
961
970
972
973
1004
1008
1015
1016
1029
1033
1037
1041
1051
1075
1077
1078
1083
1089
1092
1093
1096
1111
1113
1117
1118
1125
1149
1160
1177
1181
1186
1187
1201
1205
1208
1209
1210
1215
1222
1223
1230
1236
1238
1242
1244
1250
1252
1257
1268
1269
1270
1274
1278
1285
1288
1289
1292
1302
1312
1313
1315
1319
1320
1321
1326
1330
1334
1338
1343
1344
1346
1347
1360
1367
1371
1373
1377
1381
1384
1387
1388
1391
1392
1393
1394
1396
1397
1398
1400
1401
1407
1408
1449
1460
1504
1532
1538
1550
1565
1571
1584
1602
1610
1642
1643
1649
1660
1672
1674
1677
1678
1681
1686
1687
1710
1715
1716
1718
1733
1740
1759
1761
1772
1773
1793
1796
1808
1816
1837
1841
1845
1848
1850
1865
1870
1871
1873
1878
1881
1883
1884
1889
1892
1897
1899
1901
1903
1905
1906
1908
1910
1911
1912
1913
1918
1927
1929
1931
1934
1940
1945
1950
1952
1964
1974
1976
1979
1992
1997
2007
2013
2015
2020
2041
2045
2062
2068
2069
2103
2107
2109
2114
2118
2122
2125
2153
2156
2157
2163
2176
2180
2185
2186
2189
2195
2198
2200
2203
2204
2206
2212
2214
2226
2228
2230
2232
2233
2235
2238
2239
2252
2263
2366
2374
2408
2429
2433
2445
2456
2460
2461
2465
2468
2480
2482
2486
2488
2489
2507
2517
2518
2529
2531
2545
2551
2567
2580
2585
2587
2590
2594
2611
2618
2619
2620
2623
2629
2630
2632
2635
2636
2637
2646
2647
2648
2650
2653
2661
2667
2670
2671
2676
2679
2680
2684
2696
2700
2705
2710
2712
2713
2718
2719
2742
2744
2748
2761
2767
2774
2779
2795
2797
2799
2810
2815
2816
2819
2820
2821
2823
2825
2826
2827
2836
2841
2842
2845
2848
2849
2866
2869
2884
2893
2919
2925
2941
2960
2961
2962
2980
2987
3005
3023
3027
3032
3034
3036
3037
3043
3048
3049
3056
3069
3072
3100
3126
3133
3134
3135
3136
3142
3155
3164
3176
3181
3183
3188
3190
3202
3203
3204
3207
3220
3224
3235
3242
3245
3266
3279
3284
3286
3308
3313
3315
3316
3317
3321
3325
3345
3348
3353
3391
3415
3424
3467
3488
3494
3497
3505
3508
3512
3513
3517
3518
3527
3530
3534
3535
3537
3552
3553
3557
3558
3564
3578
3585
3589
3591
3598
3607
3617
3620
3641
3655
3667
3670
3679
3683
3684
3695
3714
3716
3727
3751
3758
3811
3817
3870
3874
3881
3892
3894
3924
3945
3953
3956
3959
3966
3969
3971
3987
3990
3997
4015
4035
4041
4092
4103
4111
4139
4151
4152
4162
4163
4164
4165
4166
4167
4171
4172
4177
4178
4179
4184
4191
4222
4238
4252
4256
4258
4264
4277
4280
4281
4286
4298
4299
4302
4304
4317
4328
4330
4336
4338
4348
4355
4359
4360
4363
4367
4376
4378
4381
4385
4387
4389
4393
4395
4397
4405
4406
4408
4409
4426
4431
4432
4436
4437
4438
4439
4441
4442
4445
4451
4457
4458
4484
4488
4490
4510
4511
4517
4525
4535
4543
4546
4552
4555
4567
4568
4575
4579
4584
4585
4590
4602
4607
4608
4610
4626
4637
4641
4644
4645
4648
4649
4650
4655
4661
4665
4669
4670
4673
4676
4679
4682
4687
4698
4699
4701
4707
4709
4710
4712
4714
4717
4721
4722
4723
4729
4732
4734
4741
4753
4757
4761
4763
4764
4765
4771
4772
4774
4775
4776
4779
4780
4789
4796
4800
4803
4804
4807
4808
4810
4812
4816
4817
4838
4853
4866
4870
4871
4872
4873
4875
4877
4882
4896
4903
4906
4909
4911
4914
4919
4928
4949
4978
4981
4983
4984
4987
4988
4990
4993
5005
5008
5010
5018
5019
5020
5022
5028
5034
5038
5041
5043
5044
5047
5048
5049
5050
5054
5056
5064
5066
5073
5074
5076
5077
5078
5080
5082
5087
5102
5123
5128
5131
5139
5156
5170
5171
5180
5186
5187
5194
5195
5197
5208
5211
5213
5217
5225
5244
5248
5281
5319
5330
5332
5333
5335
5336
5337
5338
5345
5364
5381
5412
5413
5427
5431
5433
5437
5439
5445
5446
5449
5457
5463
5468
5482
5483
5485
5486
5496
5499
5502
5504
5513
5517
5518
5524
5537
5585
5621
5630
5635
5638
5644
5646
5658
5659
5663
5665
5673
5691
5692
5693
5697
5709
5715
5725
5737
5745
5785
5795
5801
5806
5812
5816
5843
5846
5853
5856
5860
5865
5868
5897
5933
5955
5963
5990
6003
6007
6008
6010
6029
6030
6045
6071
6072
6092
6120
6134
6160
6178
6203
6206
6211
6214
6215
6216
6217
6228
6230
6233
6234
6238
6241
6242
6243
6244
6246
6251
6254
6260
6267
6273
6277
6284
6359
6361
6365
6390
6391
6393
6436
6459
6490
6498
6503
6508
6510
6511
6513
6515
6517
6523
6524
6526
6527
6532
6644
6651
6655
6664
6666
6669
6699
6701
6710
6722
6723
6725
6731
6741
6758
6760
6765
6775
6777
6780
6792
6793
6802
6810
6811
6812
6826
6827
6832
6857
6858
6871
6874
6878
6883
6884
6896
6900
6901
6914
6915
6918
6934
6935
6936
6937
7033
7072
7073
7074
7081
7082
7086
7132
7139
7150
7167
7236
7408
