diaId visitId objectId ra dec mjd mag snr
84 1633221 47 245.03924483 -26.5782257992 52391.179956 18.5127 89.2827
88 1633231 47 245.038621667 -26.5799813921 52391.184469 18.5136 89.8949
141 1633467 69 294.102586761 -27.7961359578 52391.33413 19.987 23.4346
143 1633471 69 294.102439245 -27.7952307513 52391.335926 19.9875 23.4929
152 1633485 69 294.101881199 -27.7918168816 52391.342697 19.9895 23.6996
471 1634345 201 302.202351668 -48.7660311243 52392.331201 22.1225 5.32701
500 1634376 201 302.216815521 -48.7715380645 52392.345323 22.1283 5.57034
3512 1637085 47 244.249111599 -28.5870415002 52396.244192 18.3761 490.835
3602 1637131 1238 259.356400983 -12.2449360509 52396.269814 21.8999 32.1602
3714 1637182 1238 259.364981469 -12.2599239513 52396.295222 21.9014 32.6267
4162 1637393 1408 313.916448892 -59.8171722034 52396.403203 23.3687 6.39829
4978 1637672 47 244.070945986 -28.9515430748 52397.13054 18.4194 607.839
5041 1637685 47 244.069560682 -28.9540602717 52397.136486 18.4219 606.001
5102 1637708 47 244.067138849 -28.9584331525 52397.146826 18.4259 618.835
5535 1637847 1779 239.93137411 2.39079164604 52397.218023 23.6123 9.54945
5672 1637887 1779 239.925051959 2.39169588515 52397.236329 23.6133 9.56014
5994 1637984 1864 270.750968228 -46.3835343908 52397.286245 22.8928 9.54477
6005 1637993 1864 270.750678053 -46.3837486013 52397.290278 22.8925 9.50066
6017 1638005 1864 270.750287512 -46.3840348572 52397.295691 22.8924 9.66861
6025 1638009 1864 270.750143426 -46.3841398892 52397.297684 22.8923 9.98099
6046 1638026 1864 270.749589731 -46.384540692 52397.305324 22.8919 9.64802
6077 1638039 1864 270.748925891 -46.3850155684 52397.314449 22.8915 10.0638
6096 1638053 1408 315.366585998 -58.5417255882 52397.32101 23.0387 6.09555
6102 1638056 1408 315.368513872 -58.5398697199 52397.322351 23.0236 5.90704
6103 1638058 1897 321.724671175 -53.451447665 52397.323245 22.9096 6.45429
6104 1638060 1897 321.725623133 -53.4508301203 52397.324139 22.8965 6.36728
6133 1638083 1408 315.385959819 -58.5229673458 52397.334536 23.0537 6.24907
6134 1638084 1408 315.386597423 -58.5223459234 52397.334983 23.0398 6.0727
6141 1638088 1897 321.739079795 -53.442043572 52397.336828 22.9215 6.73381
6142 1638090 1897 321.740026207 -53.4414215663 52397.337724 22.9091 6.66702
6151 1638099 1897 321.744287472 -53.4386143146 52397.341764 22.9256 6.82984
6187 1638123 1897 321.755819259 -53.4309625426 52397.352743 22.9341 7.03221
6188 1638124 1897 321.756290447 -53.4306481815 52397.353193 22.9223 6.98167
6193 1638128 1408 315.414965225 -58.4944362646 52397.354984 23.0738 6.45136
6194 1638129 1408 315.415595772 -58.4938101194 52397.355431 23.0633 6.31072
6198 1638134 1897 321.760994076 -53.4275026878 52397.357691 22.9378 7.11822
6245 1638160 1864 270.744896269 -46.387785884 52397.369399 22.8888 9.68361
6258 1638167 1408 315.44006831 -58.4693175398 52397.372855 23.0889 6.5963
6260 1638169 1408 315.441324279 -58.4680506247 52397.373753 23.0817 6.49066
6261 1638171 1897 321.778634553 -53.4155860028 52397.374652 22.9385 7.36717
6262 1638172 1897 321.779100622 -53.415268594 52397.375102 22.9496 7.39415
6306 1638196 1864 270.743673485 -46.388595867 52397.386061 22.8879 9.52647
6362 1638234 1408 315.483836063 -58.4246222131 52397.404335 23.1101 6.77704
7363 1638726 1779 239.589769652 2.43906598721 52398.225476 23.4622 10.281
7430 1638753 1238 260.119774439 -13.452254731 52398.237708 21.7937 53.4517
7440 1638758 1238 260.120533768 -13.4537040229 52398.239957 21.7957 53.0561
7442 1638759 1238 260.120685284 -13.4539933404 52398.240406 21.7903 52.0173
7476 1638774 1779 239.582148765 2.44008526504 52398.247428 23.4629 10.0739
7517 1638789 1238 260.12542179 -13.4630570203 52398.254479 21.7991 53.804
7527 1638793 1238 260.126029717 -13.4642227582 52398.25629 21.8013 53.4425
7549 1638804 1238 260.127797977 -13.4676161389 52398.261563 21.798 52.6401
7634 1638839 2205 302.518380038 -51.7907080666 52398.277633 22.8829 11.9
7645 1638843 2205 302.520042634 -51.7913392422 52398.279426 22.8829 11.5458
7748 1638890 2205 302.540750315 -51.799197188 52398.30181 22.8966 12.174
7758 1638894 2205 302.54241644 -51.79982898 52398.303615 22.8972 12.5764
7781 1638912 201 309.098976379 -51.1427191399 52398.311972 22.0996 26.5467
7789 1638914 2205 302.550950415 -51.8030634437 52398.312869 22.9013 12.7962
7796 1638920 2205 302.553424994 -51.8040007622 52398.315555 22.9034 12.5246
7848 1638946 2205 302.564608618 -51.8082329873 52398.327708 22.907 13.1205
7854 1638948 201 309.120024884 -51.1496150535 52398.328603 22.1129 27.4328
7861 1638951 1408 316.924953947 -57.0128782036 52398.32995 23.288 7.77625
7874 1638962 2205 302.571230593 -51.8107354567 52398.334914 22.9111 12.9643
7961 1639013 201 309.157598219 -51.1618985439 52398.358311 22.1312 28.7767
7963 1639015 1408 316.965873784 -56.9679418033 52398.359216 23.309 7.84068
7967 1639020 1408 316.968969552 -56.9644938348 52398.361449 23.3047 8.00459
7971 1639022 1408 316.970214928 -56.9631048867 52398.362348 23.3221 8.10436
8009 1639039 1864 270.679204064 -46.4377359743 52398.370983 22.8464 17.3324
8024 1639054 1897 322.90649366 -52.6578526116 52398.378053 23.1046 9.78061
8031 1639059 201 309.185420959 -51.1709665019 52398.380319 22.1406 29.5565
8058 1639069 1408 317.003810188 -56.9252362486 52398.386741 23.3282 8.21993
8060 1639071 1897 322.916208445 -52.6507771818 52398.387644 23.1068 10.1223
8077 1639085 1864 270.677063301 -46.4388630753 52398.395241 22.845 16.7446
8134 1639106 1864 270.676216829 -46.4393025799 52398.404871 22.8443 16.4094
9063 1639556 2480 236.562912885 -62.0953601032 52399.175142 22.3519 54.2082
9069 1639559 1864 270.618231553 -46.476116139 52399.176644 23.007 23.7857
9080 1639563 1864 270.618057673 -46.4762156182 52399.178484 23.0072 25.1318
9104 1639571 1864 270.617709869 -46.4764137174 52399.182154 23.0069 23.9377
9194 1639596 2480 236.565372583 -62.0900442909 52399.195044 22.3544 56.7105
9205 1639600 1864 270.616290674 -46.4772100249 52399.196991 23.0065 26.0762
9210 1639602 1864 270.616203929 -46.4772580815 52399.197891 23.0067 27.5126
9225 1639608 1864 270.615926437 -46.4774113449 52399.200765 23.0065 26.4203
9263 1639617 1238 260.49487512 -14.083804954 52399.205184 21.8599 82.5746
9277 1639621 1238 260.495488774 -14.0850168002 52399.206983 21.8539 80.5332
9365 1639646 1238 260.499310104 -14.0925874859 52399.218226 21.8618 80.918
9379 1639650 1238 260.49992251 -14.0938044619 52399.220034 21.8695 82.911
9897 1639813 201 310.386047432 -51.5450365208 52399.297651 22.1691 43.7911
10008 1639854 201 310.412291789 -51.5533577844 52399.3176 22.1855 45.4306
10077 1639892 2205 303.526978793 -52.1474385272 52399.334784 23.0148 21.9215
10081 1639893 201 310.435470767 -51.5606963756 52399.335231 22.199 46.9111
10165 1639929 2205 303.544077492 -52.153829535 52399.353291 23.0204 22.5397
10172 1639932 201 310.460982426 -51.5687584513 52399.354646 22.2103 48.2455
10183 1639942 1897 323.99248236 -51.8865565693 52399.359137 23.1848 16.1796
10189 1639946 1408 318.491472625 -55.294379884 52399.360926 23.3858 13.8606
10301 1639987 1897 324.015013204 -51.8693382826 52399.381668 23.2032 16.9061
10307 1639991 1408 318.522100014 -55.2558704649 52399.383477 23.4089 14.2083
10322 1640002 1408 318.528827912 -55.247316494 52399.388461 23.4134 14.2724
10461 1640051 201 310.540669047 -51.5938024468 52399.415309 22.2286 9.27989
10464 1640076 201 310.560090049 -51.5998670982 52399.430087 22.1069 6.57799
10643 1640196 47 243.368384679 -30.1994026305 52400.09918 18.1456 629.612
10669 1640209 2480 236.762177121 -61.8241480888 52400.106757 22.13 36.7059
10777 1640236 47 243.362410025 -30.2086536167 52400.120342 18.161 665.345
10807 1640244 2480 236.764590157 -61.8191016217 52400.125189 22.1333 38.2312
10992 1640288 1779 238.934949776 2.52277390861 52400.146098 23.4354 9.39197
11009 1640297 2480 236.767712088 -61.8120024161 52400.150669 22.138 40.045
11111 1640333 1779 238.927047784 2.52369891241 52400.168758 23.4427 10.2026
11140 1640346 2480 236.770516575 -61.8050483362 52400.175103 22.1422 41.3195
11150 1640354 1864 270.525059439 -46.5227426715 52400.178806 22.7627 20.1948
11183 1640370 1864 270.524267452 -46.523113032 52400.185945 22.7623 19.7924
11191 1640373 1864 270.524114792 -46.5231839578 52400.187316 22.7626 20.8857
11244 1640397 1864 270.5228767 -46.5237537108 52400.198377 22.7621 20.8083
11257 1640403 1864 270.522568719 -46.5238939426 52400.201113 22.7623 21.9291
11324 1640436 2480 236.774948888 -61.7930251746 52400.216125 22.1486 41.6239
11337 1640441 1864 270.520588894 -46.5247814772 52400.218565 22.762 22.3231
11386 1640471 1864 270.519021357 -46.5254675107 52400.23223 22.7614 24.5987
11388 1640472 1864 270.518969495 -46.5254899626 52400.23268 22.7616 25.4464
11396 1640478 2480 236.776994672 -61.7871536615 52400.235615 22.1511 45.1668
11473 1640512 1864 270.516821115 -46.5264065872 52400.251214 22.7611 24.9356
11475 1640513 1864 270.516768785 -46.5264285925 52400.251663 22.7609 24.1905
11529 1640534 1864 270.515656114 -46.5268929581 52400.261185 22.7606 24.5875
11531 1640535 1864 270.515603632 -46.5269146965 52400.261633 22.7608 25.2812
11571 1640550 2205 304.427847741 -52.4603158178 52400.268537 22.8013 17.0001
11652 1640586 2205 304.443435488 -52.4661317055 52400.285105 22.8124 17.5741
11720 1640631 1408 319.917946492 -53.5591238192 52400.305842 23.2072 10.2322
11722 1640632 1408 319.918568702 -53.5582994151 52400.306289 23.2098 10.1396
11791 1640664 1408 319.939005714 -53.531023707 52400.321048 23.235 10.3406
11793 1640665 1408 319.939622892 -53.5301940321 52400.321496 23.2323 10.427
11807 1640673 2205 304.480858372 -52.4800715215 52400.325094 22.8328 18.6627
11812 1640677 1897 325.046599397 -51.0954938469 52400.326954 23.0066 12.7006
11867 1640697 69 292.92969909 -23.1638997018 52400.336603 19.9971 231.976
11874 1640698 69 292.929605419 -23.1636672716 52400.337051 19.9947 228.433
11899 1640707 2205 304.4962883 -52.4857985846 52400.341656 22.8386 19.0546
11919 1640719 1897 325.066977289 -51.0794788617 52400.347335 23.0284 13.2482
11947 1640744 69 292.924891803 -23.1519885639 52400.359542 20.0009 230.599
11955 1640745 69 292.924789737 -23.1517359841 52400.360028 20.0025 233.568
12159 1640831 1897 325.124895051 -51.0322609293 52400.406506 23.0752 14.4304
13058 1641282 1238 261.261399134 -15.4643401591 52401.192075 21.5768 69.6645
13168 1641323 1238 261.268408806 -15.4795108761 52401.212787 21.5866 74.068
13257 1641356 1238 261.273410927 -15.4904323588 52401.227715 21.5919 76.6262
13442 1641424 69 292.746535956 -22.6815516882 52401.26148 20.0019 209.853
13537 1641457 69 292.742887682 -22.6729022198 52401.278186 20.0084 223.855
14306 1641937 2480 237.30960841 -60.8180739195 52403.110023 22.0228 28.8332
14434 1641985 2480 237.311915271 -60.8090157702 52403.136169 22.0266 30.5698
14507 1642013 2480 237.313255322 -60.8031982256 52403.152721 22.0289 31.4484
14521 1642023 1864 270.153112253 -46.6476334425 52403.157245 22.6181 14.7923
14614 1642065 1864 270.149832373 -46.6485562525 52403.177744 22.6177 16.2716
14818 1642155 1238 262.041440347 -16.9958631306 52403.220833 21.383 64.9114
14993 1642235 69 292.309047315 -21.6373352587 52403.259281 19.8298 189.001
15093 1642272 69 292.304858972 -21.6284696107 52403.276337 19.839 197.635
17307 1643073 1779 237.536101436 2.6627258007 52404.215867 24.3198 13.0197
17983 1643259 2205 308.381533223 -53.8066711805 52404.301973 23.5959 24.5024
18110 1643300 2205 308.400244624 -53.8133767966 52404.321437 23.6046 25.7825
18153 1643325 1408 325.759893375 -44.1266919651 52404.332886 24.2311 12.6136
18307 1643382 1408 325.793622754 -44.0538948227 52404.359187 24.2737 13.4329
19340 1643768 1779 237.229307217 2.6864345209 52405.110178 23.6279 12.3045
19561 1643813 1779 237.221025592 2.6870326356 52405.133875 23.6358 13.7622
20078 1643928 1238 262.803006085 -18.6064492242 52405.190697 21.6064 105.072
20222 1643975 1238 262.810406799 -18.6255188994 52405.212867 21.6232 109.753
20360 1644021 1864 269.803581387 -46.7208887055 52405.234141 22.7264 41.6917
20531 1644092 2205 309.345700147 -54.125204906 52405.266481 22.8423 29.1335
20602 1644122 2205 309.35925942 -54.1300272783 52405.280381 22.8504 30.4811
21001 1644239 1897 330.215368849 -46.5098028173 52405.335129 23.0921 23.6703
21017 1644246 1897 330.218242882 -46.5067881524 52405.338276 23.1099 24.6238
21033 1644250 1408 327.172342753 -41.1392261245 52405.340074 23.4724 17.21
21164 1644276 1897 330.231735767 -46.4925149836 52405.353136 23.1161 24.9619
21180 1644283 1897 330.234585446 -46.4894751802 52405.356292 23.1306 25.749
21196 1644287 1408 327.195098189 -41.0842676121 52405.358087 23.5059 17.8519
22302 1644655 47 241.479865352 -32.8218319817 52406.129044 18.0061 777.591
22400 1644683 47 241.474309786 -32.8281959444 52406.143207 18.0095 798.37
22496 1644718 1864 269.624119189 -46.7484503294 52406.161424 22.6688 21.6621
22606 1644762 1864 269.619430656 -46.7492175808 52406.183224 22.6684 23.7657
23055 1644998 2205 310.375696277 -54.4632073146 52406.291106 22.6915 21.9306
