diaId visitId objectId ra dec mjd mag snr
2323 1636721 759 190.09541318 -33.2038581505 52396.032845 24.4429 12.3503
2428 1636755 759 190.08034972 -33.204589352 52396.054989 24.4526 11.7025
2511 1636786 759 190.066613941 -33.2052360549 52396.07517 23.8206 16.6667
2616 1636812 900 230.900440834 -23.958570249 52396.087335 23.1164 19.8071
3019 1636919 759 190.018789588 -33.2073345942 52396.145449 23.8226 12.9611
3109 1636950 759 190.007766335 -33.2077849551 52396.161672 23.819 12.3765
3840 1637234 900 230.882552499 -23.8335720865 52396.319941 22.9662 12.0085
3913 1637258 900 230.881767552 -23.8275920776 52396.330745 22.9594 11.6143
5278 1637771 900 230.865731748 -23.3680681949 52397.176044 23.0233 22.1448
5430 1637815 900 230.863791244 -23.3560308598 52397.198235 23.0283 21.866
5583 1637864 1816 243.964792493 -10.0958392253 52397.225691 23.9097 7.27704
5716 1637903 1816 243.95873787 -10.0904679582 52397.245524 23.91 7.31576
5764 1637915 1816 243.957081007 -10.088998023 52397.25094 23.9099 7.31327
5860 1637944 1816 243.952790022 -10.0851890523 52397.264951 23.909 7.27836
6830 1638568 759 188.717204894 -33.252511854 52398.148322 23.6548 9.64851
6901 1638599 2041 179.01564116 2.85991952548 52398.163579 22.9404 16.4893
6956 1638617 759 188.701347277 -33.2528459225 52398.172839 23.6475 10.1028
7437 1638757 2129 260.669678243 -17.8933662572 52398.239509 23.9391 5.87608
7452 1638765 2129 260.669522486 -17.8931179632 52398.243105 23.9389 5.66663
7454 1638765 2139 262.369974506 -19.8523113108 52398.243105 22.9485 16.7464
7528 1638794 2129 260.668927697 -17.8921740153 52398.256738 23.9386 5.95144
7531 1638796 2129 260.668888034 -17.8921112735 52398.257642 23.9385 5.75256
7533 1638796 2139 262.367721033 -19.8514862008 52398.257642 22.9486 16.9768
7640 1638841 2209 304.220699014 -52.3730163282 52398.278529 22.3613 19.4168
7755 1638893 2209 304.224181426 -52.3764879739 52398.303167 22.3626 20.9229
7786 1638913 2209 304.225477982 -52.3777877415 52398.312421 22.363 21.4435
9267 1639619 2129 260.634675781 -17.8245357764 52399.206079 24.0887 9.06513
9269 1639619 2139 262.22658144 -19.7953424086 52399.206079 23.0892 26.2442
9375 1639649 2129 260.633981582 -17.8235910752 52399.219569 24.0884 9.21555
9377 1639649 2139 262.224331232 -19.7945645916 52399.219569 23.0896 26.6249
9789 1639777 2659 295.43408928 -16.3277771523 52399.280979 23.326 13.6971
9937 1639830 2659 295.449182518 -16.3217084506 52399.305879 23.3439 14.7604
10076 1639892 2209 304.372261785 -52.5179961742 52399.334784 22.5437 35.243
10164 1639929 2209 304.374584966 -52.5206081693 52399.353291 22.5439 36.3677
11570 1640550 2209 304.495988356 -52.6473834503 52400.268537 22.3321 27.6364
11651 1640586 2209 304.497934 -52.6497846597 52400.285105 22.333 28.8215
11806 1640673 2209 304.50254582 -52.6555497961 52400.325094 22.3344 31.0959
11966 1640748 2659 296.103270329 -16.0581195431 52400.361383 23.175 14.5062
12075 1640799 2659 296.118682636 -16.0516975074 52400.386792 23.178 14.6476
12792 1641181 1816 242.688202999 -8.92605531927 52401.138256 23.4954 9.37205
12843 1641199 2041 177.938644973 0.964705824788 52401.148757 23.0156 16.1593
12857 1641205 759 186.88915577 -33.2738064468 52401.152735 23.7548 9.47
12889 1641219 1816 242.678791119 -8.91859570304 52401.161146 23.5011 10.416
12953 1641243 2041 177.930083087 0.949691282001 52401.172964 23.0034 14.4637
12967 1641248 759 186.875447702 -33.2737142729 52401.175776 23.7509 8.92678
13052 1641280 2129 260.534953434 -17.6786828639 52401.191179 23.9841 5.95229
13053 1641280 2139 261.890214434 -19.6726362028 52401.191179 22.9656 18.072
13161 1641321 2129 260.533499122 -17.6771705625 52401.211892 23.9834 6.54911
13162 1641321 2139 261.886184026 -19.6713676105 52401.211892 22.9655 19.7582
13166 1641322 2129 260.533467417 -17.6771377541 52401.21234 23.9834 6.76899
13261 1641358 2129 260.5323092 -17.6759429165 52401.228615 23.9827 6.95316
13262 1641358 2139 261.882911298 -19.670335635 52401.228615 22.9653 20.8888
13347 1641389 2129 260.531149573 -17.6747521775 52401.244754 23.9821 7.27015
13348 1641389 2139 261.879739223 -19.6693327338 52401.244754 22.965 21.7699
13430 1641421 2659 296.665398915 -15.8276025942 52401.260137 23.1113 12.571
13523 1641453 2659 296.675362391 -15.8234469415 52401.276354 23.1193 14.1234
14205 1641876 759 185.802167542 -33.2629254469 52403.075762 23.6522 7.25064
14591 1642054 1816 241.842757873 -8.22203783997 52403.171826 23.1758 10.2254
14648 1642082 1816 241.836006241 -8.21696526307 52403.185805 23.18 10.5721
14814 1642154 2129 260.39359665 -17.5232222475 52403.22038 23.6822 6.31921
14817 1642155 2129 260.393555374 -17.5231875011 52403.220833 23.682 6.18142
14819 1642155 2139 261.487703175 -19.5392977906 52403.220833 22.662 18.7565
14889 1642186 2129 260.392168058 -17.5220211017 52403.236004 23.6816 6.43808
14891 1642186 2139 261.484275224 -19.5382947856 52403.236004 22.6622 19.4745
14895 1642187 2129 260.392125392 -17.5219852656 52403.236469 23.6817 6.56311
15020 1642242 2659 297.925455272 -15.2948697432 52403.262412 22.8875 10.9098
15467 1642400 3230 324.021773824 -14.7033098889 52403.335109 23.4099 5.96228
15470 1642400 3232 326.188133821 -15.848206547 52403.335109 23.4061 5.98752
15870 1642532 3230 324.051283201 -14.6857659967 52403.39567 23.4368 7.99528
15874 1642532 3232 326.281099621 -15.8530143681 52403.39567 23.4972 7.47817
15980 1642560 3230 324.058016489 -14.6817433597 52403.409515 23.4406 8.25678
15984 1642560 3232 326.302290646 -15.8540842004 52403.409515 23.5097 7.64923
16561 1642900 2041 177.086342922 -0.841561630069 52404.133589 23.9964 16.5892
16569 1642902 2041 177.086089939 -0.842090938912 52404.134486 23.9931 16.3405
16577 1642903 2041 177.085964193 -0.842354114145 52404.134932 23.9865 15.837
16649 1642925 2041 177.082683188 -0.849240582253 52404.146604 23.9861 15.8112
16660 1642927 2041 177.082432415 -0.849768557193 52404.147499 23.9831 15.5869
17370 1643084 900 230.517264851 -19.4012039277 52404.22121 23.4603 36.9053
17394 1643088 1816 241.349347981 -7.82802678078 52404.223266 24.1057 18.013
17513 1643126 1816 241.340288803 -7.8213678686 52404.240547 24.1054 18.0793
17551 1643133 900 230.51463426 -19.3881674995 52404.24393 23.456 36.1311
17980 1643258 2209 304.898886412 -53.2255719166 52404.301524 23.1317 40.6212
18107 1643299 2209 304.900085774 -53.2285056055 52404.320987 23.1322 42.7442
18194 1643336 3232 327.753411939 -15.9177332908 52404.337816 24.568 7.64577
18199 1643338 3230 324.523347448 -14.4065477984 52404.338713 24.332 10.0592
18321 1643385 3232 327.78869252 -15.9193640274 52404.360797 24.6109 8.44696
18324 1643387 3230 324.534758884 -14.3996756368 52404.361694 24.3503 11.339
18444 1643413 3232 327.808287693 -15.9202594145 52404.373583 24.6178 8.56524
18595 1643446 3232 327.831133954 -15.9212930245 52404.388508 24.638 8.81042
19702 1643845 900 230.464031706 -18.8707861666 52405.150944 22.6835 47.1211
19915 1643888 900 230.461539977 -18.8586247775 52405.172442 22.6885 48.1233
20077 1643928 2129 260.218188139 -17.36582564 52405.190697 23.7829 13.4087
20221 1643975 2129 260.215733814 -17.3640606749 52405.212867 23.7829 14.503
20224 1643975 2139 261.033295578 -19.3998747092 52405.212867 22.7674 40.8442
21755 1644469 2041 176.656317338 -1.9466768495 52406.035409 23.233 15.0158
21875 1644516 2041 176.65038516 -1.960715182 52406.059961 23.2341 15.0266
22886 1644921 2209 305.01601469 -53.5150858449 52406.255254 22.4371 26.1438
22888 1644922 2209 305.016031541 -53.5151554417 52406.255702 22.4371 26.0471
22983 1644961 2209 305.016702908 -53.5179842554 52406.273939 22.4373 28.0576
22986 1644962 2209 305.016719123 -53.5180539448 52406.274389 22.4373 28.1054
23379 1645107 2659 299.893909098 -14.4201480948 52406.342512 22.9498 21.0868
23458 1645127 3232 330.887096481 -16.0286155381 52406.351721 23.4931 9.0252
23461 1645128 3232 330.887779113 -16.0286387365 52406.352168 23.4816 8.72636
23493 1645136 2659 299.902297632 -14.4162247485 52406.355842 22.9522 21.5821
23563 1645153 3232 330.905149016 -16.0292259257 52406.363549 23.4989 9.19702
23568 1645154 3232 330.90583236 -16.0292489008 52406.363997 23.5106 9.5071
23592 1645161 3230 325.566322885 -13.7755289025 52406.36713 23.4406 10.9053
23767 1645200 3230 325.575467148 -13.7698359769 52406.384873 23.4454 11.6425
